              precision    recall  f1-score   support

           0     0.9853    0.9738    0.9795       688
           1     0.9742    0.9826    0.9784       806
           2     0.9646    0.9756    0.9701       698
           3     0.9813    0.9538    0.9674       715
           4     0.9829    0.9663    0.9745       653
           5     0.9677    0.9453    0.9564       603
           6     0.9723    0.9823    0.9773       679
           7     0.9596    0.9840    0.9716       748
           8     0.9587    0.9506    0.9547       709
           9     0.9458    0.9700    0.9577       701

    accuracy                         0.9690      7000
   macro avg     0.9692    0.9685    0.9688      7000
weighted avg     0.9691    0.9690    0.9690      7000
